1,0
2,0
3,0
4,0
5,0
6,0
7,0
8,0
9,0
10,0
11,0
12,0
13,0
14,0
15,0
16,0
17,0
18,0
19,0
20,0
21,0
22,0
23,0
24,0
25,0
26,0
27,0
28,0
29,0
30,0
31,0
32,0
33,0
34,0
35,2
36,1
37,0
38,1
39,0
40,0
41,0
42,0
43,1
44,0
45,0
46,1
47,2
48,12
49,0
50,9
51,25
52,27
53,18
54,13
55,11
56,3
57,0
58,1
59,1
60,1
61,1
62,0
63,1
64,0
65,0
66,0
67,0
68,0
69,0
70,0
71,0
72,0
73,0
74,0
75,0
76,0
77,0
78,0
79,0
80,0
81,0
82,0
83,0
84,0
85,0
86,0
87,0
88,0
89,0
90,0
91,0
92,0
93,0
94,1
95,6
96,9
97,0
98,0
99,10
100,2
101,0
102,0
103,9
104,0
105,0
106,0
107,1
108,2
109,30
110,27
111,0
112,13
113,33
114,1
115,4
116,15
117,25
118,0
119,10
120,19
121,0
122,7
123,14
124,7
125,2
126,8
127,9
128,1
129,3
130,0
131,0
