1,0
2,4
3,4
4,6
5,1
6,0
7,0
8,1
9,3
10,1
11,3
12,0
13,1
14,0
15,0
16,0
17,1
18,2
19,0
20,0
21,1
22,0
23,1
24,0
25,2
26,0
27,1
28,0
29,1
30,1
31,3
32,0
33,0
34,2
35,0
36,1
37,1
38,0
39,4
40,1
41,1
42,0
43,0
44,0
45,0
46,1
47,0
48,1
49,0
50,0
51,2
52,2
53,1
54,1
55,2
56,0
57,4
58,1
59,1
60,0
61,1
62,1
63,2
64,3
65,0
66,2
67,1
68,2
69,0
70,0
71,0
72,1
73,0
74,1
75,4
76,2
77,0
78,1
79,1
80,13
81,1
82,1
83,2
84,0
85,1
86,0
87,1
88,1
89,1
90,0
91,3
92,5
93,0
94,1
95,1
96,1
97,2
98,0
99,0
100,0
101,0
102,1
103,2
104,0
105,0
106,2
107,5
108,2
109,1
110,0
111,1
112,1
113,1
114,1
115,0
116,0
117,8
118,1
119,1
120,0
121,0
122,1
123,1
124,0
125,0
126,2
127,2
128,1
129,0
130,0
131,0
