1,1
2,4
3,4
4,4
5,4
6,4
7,4
8,4
9,3
10,2
11,2
12,2
13,2
14,2
15,2
16,0
17,0
18,1
19,2
20,3
21,3
22,1
23,2
24,2
25,2
26,2
27,2
28,1
29,1
30,1
31,1
32,1
33,3
34,0
35,0
36,0
37,4
38,4
39,5
40,5
41,5
42,5
43,4
44,3
45,4
46,2
47,0
48,0
49,3
50,1
51,0
52,4
53,4
54,0
55,1
56,5
57,1
58,0
59,2
60,8
61,0
62,0
63,0
64,0
65,0
66,0
67,0
68,0
69,0
70,0
71,0
72,1
73,3
74,0
75,0
76,5
77,9
78,1
79,0
80,17
81,11
82,8
83,13
84,25
85,3
86,3
87,15
88,10
89,10
90,0
91,0
92,0
93,0
94,0
95,0
96,0
97,0
98,0
99,0
100,0
101,0
102,0
103,0
104,0
105,0
106,0
107,1
108,1
109,0
110,0
111,1
112,1
113,0
114,0
115,2
116,1
117,0
118,1
119,2
120,1
121,1
122,0
123,0
124,0
125,0
126,0
127,0
128,2
129,1
130,0
131,5
132,4
133,1
134,5
135,7
136,3
137,2
138,4
139,2
140,3
141,3
142,3
143,1
144,0
