1,0
2,11
3,14
4,7
5,9
6,9
7,1
8,5
9,11
10,2
11,6
12,4
13,5
14,4
15,3
16,4
17,4
18,6
19,5
20,5
21,0
22,3
23,1
24,1
25,2
26,3
27,19
28,17
29,0
30,3
31,5
32,4
33,2
34,4
35,0
36,0
37,0
38,18
39,2
40,26
41,0
42,1
43,7
44,6
45,2
46,7
47,3
48,4
49,3
50,4
51,6
52,2
53,7
54,12
55,1
56,5
57,5
58,3
59,7
60,1
61,4
62,2
63,1
64,0
65,2
66,3
67,4
68,0
69,4
70,5
71,4
72,3
73,2
74,0
75,4
76,8
77,16
78,2
79,5
80,4
81,8
82,4
83,4
84,4
85,15
86,0
87,0
88,5
89,8
90,3
91,2
92,7
93,4
94,5
95,4
96,2
97,1
98,2
99,3
100,5
101,2
102,3
103,22
104,1
105,3
106,4
107,4
108,3
109,2
110,3
111,26
112,8
113,1
114,4
115,1
116,0
117,7
118,4
119,3
120,4
121,0
122,7
123,3
124,2
125,4
126,2
127,5
128,1
129,7
130,1
131,4
132,7
133,8
134,4
135,5
136,2
137,18
138,2
139,10
140,10
141,3
142,0
143,0
144,0
