1,0
2,7
3,4
4,14
5,9
6,0
7,0
8,3
9,2
10,4
11,1
12,5
13,3
14,4
15,3
16,5
17,3
18,5
19,4
20,4
21,1
22,1
23,2
24,1
25,2
26,2
27,2
28,3
29,4
30,1
31,2
32,2
33,0
34,2
35,2
36,3
37,1
38,1
39,0
40,6
41,4
42,3
43,4
44,0
45,1
46,6
47,0
48,2
49,2
50,5
51,5
52,1
53,5
54,5
55,0
56,3
57,1
58,2
59,1
60,3
61,3
62,5
63,0
64,6
65,2
66,4
67,0
68,4
69,11
70,2
71,1
72,2
73,1
74,3
75,3
76,3
77,1
78,0
79,3
80,4
81,2
82,0
83,1
84,1
85,2
86,4
87,0
88,2
89,1
90,4
91,1
92,2
93,6
94,2
95,4
96,1
97,2
98,3
99,2
100,2
101,1
102,2
103,4
