1,0
2,0
3,12
4,4
5,3
6,2
7,2
8,3
9,1
10,1
11,1
12,4
13,3
14,1
15,1
16,0
17,1
18,0
19,6
20,2
21,2
22,1
23,2
24,1
25,1
26,2
27,0
28,1
29,0
30,1
31,5
32,2
33,3
34,3
35,0
36,2
37,1
38,0
39,6
40,3
41,0
42,0
43,1
44,0
45,1
46,1
47,0
48,2
49,2
50,1
51,2
52,4
53,2
54,0
55,2
56,1
57,0
58,5
59,1
60,3
61,2
62,5
63,4
64,1
65,1
66,3
67,2
68,1
69,1
70,2
71,2
72,0
73,2
74,3
75,2
76,3
77,4
78,1
79,3
80,2
81,1
82,1
83,0
84,0
85,0
86,1
87,0
88,0
89,0
90,1
91,1
92,0
93,1
94,6
95,1
96,0
97,2
98,0
99,1
100,1
101,0
102,2
103,1
104,1
105,5
106,1
107,1
108,1
109,0
110,1
111,1
112,1
113,0
114,2
115,1
116,1
117,0
118,1
119,0
120,0
121,4
122,0
123,11
124,2
125,1
126,0
127,0
128,2
129,2
130,1
131,1
132,0
