1,0
2,0
3,0
4,0
5,0
6,0
7,0
8,0
9,0
10,0
11,1
12,1
13,2
14,1
15,1
16,1
17,2
18,0
19,1
20,0
21,4
22,3
23,1
24,6
25,3
26,9
27,0
28,0
29,0
30,1
31,1
32,0
33,0
34,0
35,0
36,0
37,0
38,0
39,0
40,0
41,0
42,0
43,0
44,0
45,0
46,0
47,0
48,0
49,0
50,0
51,0
52,5
53,0
54,0
55,3
56,0
57,0
58,19
59,31
60,0
61,0
62,21
63,29
64,0
65,0
66,28
67,25
68,0
69,2
70,18
71,4
72,1
73,15
74,16
75,5
76,10
77,4
78,3
79,1
80,1
81,0
82,0
83,4
84,0
85,0
86,0
87,4
88,2
89,0
90,7
91,16
92,27
93,21
94,27
95,23
96,3
97,3
98,0
99,0
100,0
101,1
102,0
103,1
104,1
105,1
106,1
107,1
108,1
109,1
110,4
111,5
112,4
113,5
114,2
115,2
116,2
117,1
118,4
119,5
120,5
121,5
122,0
123,0
124,0
125,0
126,0
127,0
128,0
129,0
130,0
131,0
132,0
