1,0
2,0
3,0
4,0
5,0
6,0
7,0
8,0
9,0
10,0
11,0
12,2
13,2
14,4
15,5
16,9
17,12
18,12
19,12
20,14
21,11
22,14
23,12
24,12
25,8
26,4
27,2
28,2
29,1
30,1
31,0
32,1
33,0
34,1
35,1
36,0
37,1
38,1
39,1
40,1
41,2
42,1
43,1
44,1
45,1
46,1
47,1
48,1
49,1
50,4
51,1
52,0
53,3
54,6
55,1
56,1
57,3
58,3
59,1
60,7
61,5
62,1
63,1
64,5
65,2
66,1
67,1
68,3
69,0
70,0
71,5
72,3
73,0
74,3
75,13
76,2
77,0
78,7
79,4
80,9
81,2
82,1
83,1
84,1
85,0
86,0
87,1
88,1
89,0
90,0
91,1
92,0
93,0
94,1
95,0
96,1
97,0
98,1
99,0
100,0
101,1
102,0
103,0
